0.102868497 2.86849216E-3 3.17517831E-3
0.108746275 3.0092895E-3 7.1072164E-3
0.114905596 3.15003097E-3 1.41819017E-2
0.1213414 3.2857731E-3 2.57129911E-2
0.128047556 3.42039019E-3 4.27748114E-2
0.135014877 3.5469234E-3 6.60731196E-2
0.142227888 3.66608053E-3 9.57475528E-2
0.149668157 3.77420336E-3 0.13134183
0.157310307 3.86794657E-3 0.171789646
0.165121496 3.94322723E-3 0.215806603
0.173060864 3.99614125E-3 0.26121071
0.181044489 3.98749113E-3 0.306821525
0.188909128 3.87714803E-3 0.351911753
0.196525916 3.73964012E-3 0.394221038
0.203783691 3.51813436E-3 0.432901829
0.210556641 3.25481594E-3 0.467291594
0.21682702 3.01556289E-3 0.497553885
0.222644776 2.80219316E-3 0.524267256
0.228057712 2.61074305E-3 0.547911525
0.233106822 2.43836641E-3 0.568768084
0.237827092 2.28190422E-3 0.587351203
0.242249995 2.14099884E-3 0.604143262
0.246402413 2.01141834E-3 0.619250596
0.250307202 1.89338624E-3 0.632403791
0.25398615 1.78554654E-3 0.644280493
0.257461429 1.68973207E-3 0.655557215
0.260760248 1.60908699E-3 0.665892482
0.26391086 1.54152513E-3 0.675437808
0.266937613 1.48524344E-3 0.684316874
0.269861579 1.43869221E-3 0.692631125
0.272700846 1.40060484E-3 0.700464308
0.275471389 1.36992335E-3 0.707885742
0.278186977 1.34564936E-3 0.714949667
0.280860692 1.32808089E-3 0.721710026
0.283502162 1.31338835E-3 0.728207886
0.286122143 1.30659342E-3 0.734476686
0.28873077 1.30203366E-3 0.740549028
0.29133907 1.30626559E-3 0.735077798
0.293954074 1.30873919E-3 0.729940832
0.29658252 1.31972134E-3 0.735773027
0.299236715 1.33447349E-3 0.741510391
0.30192101 1.34982169E-3 0.747161686
0.304644167 1.37330592E-3 0.752743483
0.307416946 1.39948726E-3 0.758275151
0.310246348 1.42993033E-3 0.76376617
0.313140988 1.46469474E-3 0.769227922
0.316109538 1.50384009E-3 0.774670362
0.319160938 1.5475899E-3 0.780102432
0.322304517 1.59597397E-3 0.785531878
0.325549603 1.64912641E-3 0.790923715
0.328906298 1.70755386E-3 0.796325088
0.332382649 1.76879764E-3 0.80177927
0.335991144 1.83971226E-3 0.807250857
0.339742601 1.91172957E-3 0.812742233
0.343644172 1.98984146E-3 0.81824863
0.347706079 2.07206607E-3 0.823768735
0.351937771 2.15964019E-3 0.829098165
0.356347978 2.25053728E-3 0.834431469
0.36094296 2.34444439E-3 0.839963853
0.365727723 2.44033337E-3 0.845480144
0.37070334 2.53529847E-3 0.850964963
0.375859618 2.62098014E-3 0.856392503
0.381175816 2.69521773E-3 0.861729622
0.386629403 2.75833905E-3 0.866946459
0.392199278 2.81153619E-3 0.872019589
0.397867024 2.85623968E-3 0.876932204
0.40361768 2.89440155E-3 0.878404379
0.409440249 2.92816758E-3 0.879774153
0.415327847 2.95944512E-3 0.884321094
0.421280563 2.99324095E-3 0.888696909
0.427302569 3.02878022E-3 0.892910182
0.433403134 3.07177007E-3 0.896971941
0.43959868 3.12379003E-3 0.900873601
0.445896447 3.17397714E-3 0.904645145
0.452285707 3.21526825E-3 0.908306062
0.458749205 3.24824452E-3 0.911827266
0.465271384 3.27393413E-3 0.915205538
0.471838802 3.29348445E-3 0.918440223
0.478440166 3.30786407E-3 0.921532571
0.485067099 3.31908464E-3 0.924485922
0.491715014 3.32883E-3 0.92724967
0.498381913 3.33805382E-3 0.929899752
0.505071223 3.35127115E-3 0.932508349
0.511783481 3.36095691E-3 0.93500495
0.518522143 3.37770581E-3 0.937228382
0.525300145 3.40035558E-3 0.932819366
0.532131314 3.43075395E-3 0.93495208
0.539033294 3.4712553E-3 0.941197336
0.546028256 3.52373719E-3 0.919757724
0.553139567 3.58751416E-3 0.904067576
0.560394764 3.66774201E-3 0.91046226
0.567807555 3.74498963E-3 0.915506542
0.575373888 3.82140279E-3 0.919392109
0.583091795 3.89647484E-3 0.922609091
0.590958118 3.96981835E-3 0.925294876
0.598970115 4.04220819E-3 0.927726984
0.607129455 4.11713123E-3 0.930100024
0.615443826 4.19721007E-3 0.932415843
0.623922944 4.28193808E-3 0.934676588
0.632574975 4.37009335E-3 0.936883867
0.641401887 4.4568181E-3 0.939037502
0.650390744 4.53200936E-3 0.941134095
0.659521699 4.59897518E-3 0.943169355
0.668777585 4.6569109E-3 0.945140541
0.678155124 4.72062826E-3 0.947048247
0.687661231 4.78547812E-3 0.948895276
0.697304964 4.85822558E-3 0.950663507
0.70708859 4.92545962E-3 0.948030591
0.717003226 4.98917699E-3 0.943535089
0.727026224 5.03382087E-3 0.946496785
0.737126231 5.06612659E-3 0.951592803
0.747270882 5.07855415E-3 0.953429401
0.757424474 5.07506728E-3 0.955072761
0.767557442 5.05787134E-3 0.9566347
0.777645409 5.03009558E-3 0.958120465
0.787668943 4.99343872E-3 0.959532022
0.797612429 4.95007634E-3 0.960841358
0.807468057 4.90555167E-3 0.962051034
0.817231774 4.85816598E-3 0.963198423
0.826916456 4.82651591E-3 0.964292586
0.836557984 4.81495261E-3 0.965340376
0.846191049 4.81814146E-3 0.966347873
0.855852008 4.84284759E-3 0.967006683
0.865573585 4.87869978E-3 0.965884268
0.875382304 4.93001938E-3 0.965009391
0.885299981 4.98765707E-3 0.965901077
0.895347834 5.06022573E-3 0.966853619
0.90553093 5.12287021E-3 0.967784107
0.91583848 5.18468022E-3 0.968691885
0.926261783 5.23862243E-3 0.969576359
0.936786175 5.2857399E-3 0.970436335
0.947386146 5.31426072E-3 0.971270919
0.958037555 5.3371191E-3 0.972079456
0.968723178 5.34853339E-3 0.972861111
0.979423642 5.35193086E-3 0.973615646
0.990124941 5.34930825E-3 0.974343181
1.00081587 5.34164906E-3 0.975044131
1.01148844 5.33092022E-3 0.975719273
1.02213788 5.31858206E-3 0.97635901
1.03276277 5.3062439E-3 0.976974964
1.04336309 5.29402494E-3 0.97757858
1.05394721 5.29015064E-3 0.978160858
1.06452131 5.28401136E-3 0.978723049
1.07509232 5.2869916E-3 0.979243934
1.08567703 5.29766083E-3 0.979747891
1.09629226 5.31756878E-3 0.980258703
1.10694909 5.33920527E-3 0.980754733
1.11764526 5.35702705E-3 0.981236279
1.12837338 5.37109375E-3 0.981703639
1.13912296 5.37842512E-3 0.982156694
1.14989185 5.39058447E-3 0.98259598
1.16067159 5.38909435E-3 0.983021677
1.17145228 5.39165735E-3 0.983433843
1.18223238 5.3884387E-3 0.983832955
1.19300365 5.38271666E-3 0.984219313
1.20376039 5.37407398E-3 0.984593093
1.21449745 5.36298752E-3 0.984954715
1.22520983 5.34939766E-3 0.985304534
1.23589313 5.33390045E-3 0.985642791
1.24654353 5.3164959E-3 0.985969961
1.25715721 5.29718399E-3 0.986286283
1.26773083 5.27644157E-3 0.986592233
1.27826142 5.25420904E-3 0.986888051
1.2887466 5.23096323E-3 0.987174094
1.29918432 5.20676374E-3 0.987450838
1.30957103 5.17994165E-3 0.98735106
1.31990004 5.14906645E-3 0.987249255
1.33015382 5.10466099E-3 0.987511396
1.3403151 5.05661964E-3 0.987764239
1.35038996 5.01823425E-3 0.98800832
1.36041522 5.00702858E-3 0.988244832
1.37043953 5.01728058E-3 0.988475263
1.38050222 5.04547358E-3 0.988700628
1.39062929 5.08153439E-3 0.988921583
1.40083075 5.11997938E-3 0.989138484
1.41110504 5.15425205E-3 0.989351273
1.42143559 5.17624617E-3 0.98955977
1.43179083 5.17904758E-3 0.989763379
1.44212675 5.15693426E-3 0.989961445
1.45238113 5.09744883E-3 0.990152955
1.46247888 5.00029325E-3 0.990336955
1.47234511 4.86582518E-3 0.990512311
1.48191786 4.7069788E-3 0.990678489
1.49118114 4.55629826E-3 0.990835667
1.50014496 4.40746546E-3 0.990984499
1.50881457 4.26226854E-3 0.991125345
1.51720726 4.13036346E-3 0.991258979
1.52534485 4.00727987E-3 0.991386056
1.53324795 3.89581919E-3 0.991507113
1.54093003 3.78620625E-3 0.991622627
1.54840159 3.68529558E-3 0.991733015
1.55567598 3.58909369E-3 0.991838694
1.56283724 3.57222557E-3 0.991940916
1.5700717 3.66222858E-3 0.992019057
1.57755816 3.82423401E-3 0.992099226
1.58538032 3.99798155E-3 0.992205799
1.59353805 4.15974855E-3 0.992314935
1.60202968 4.33182716E-3 0.992426455
1.61087966 4.51815128E-3 0.992540359
1.62010539 4.70757484E-3 0.992656708
1.62970519 4.89228964E-3 0.992775261
1.63966918 5.07164001E-3 0.992895663
1.64998555 5.2447319E-3 0.993017554
1.66064048 5.41013479E-3 0.993140519
1.67153764 5.48708439E-3 0.993263364
1.68248904 5.46431541E-3 0.993383944
1.69335079 5.39749861E-3 0.99350071
1.70408177 5.33342361E-3 0.993613482
1.71468782 5.27262688E-3 0.99372232
1.72517109 5.21057844E-3 0.993827581
1.73553348 5.15192747E-3 0.993929267
1.74578738 5.10185957E-3 0.994027793
1.75594234 5.05316257E-3 0.99412328
1.76601124 5.01573086E-3 0.994215906
1.77601743 4.99039888E-3 0.994306147
1.78598523 4.97746468E-3 0.994394124
1.7959373 4.97466326E-3 0.994480193
1.80589414 4.98217344E-3 0.994564593
1.81587553 4.99910116E-3 0.994647503
1.82589889 5.02431393E-3 0.994729042
1.83598065 5.05751371E-3 0.994809449
1.84613609 5.09780645E-3 0.994654298
1.85637903 5.14513254E-3 0.994501352
1.86672306 5.19895554E-3 0.994584441
1.87717533 5.25325537E-3 0.994666755
1.88772404 5.29551506E-3 0.994748116
1.89834714 5.32758236E-3 0.994828463
1.909024 5.34933805E-3 0.994907498
1.91972852 5.35517931E-3 0.994985223
1.93042898 5.34516573E-3 0.995061338
1.9411006 5.32650948E-3 0.995135725
1.9517262 5.29909134E-3 0.995208323
1.96229458 5.26922941E-3 0.995279133
1.97279477 5.23096323E-3 0.995348096
1.98325002 5.22434711E-3 0.995415449
1.99366319 5.18882275E-3 0.995481253
2.00401402 5.16188145E-3 0.995545447
2.01431036 5.13470173E-3 0.995608151
2.02455282 5.10764122E-3 0.995669305
2.03474283 5.08236885E-3 0.995729089
2.04488039 5.05530834E-3 0.995787442
2.05494976 5.01406193E-3 0.995844364
2.06493425 4.97019291E-3 0.995899796
2.07482433 4.9200058E-3 0.995953798
2.08461237 4.86814976E-3 0.99600625
2.09429407 4.8135519E-3 0.996057332
2.10384893 4.74119186E-3 0.996106863
2.11323023 4.63998318E-3 0.996154666
2.12238598 4.5157671E-3 0.996200621
2.13127065 4.36902046E-3 0.99624449
2.13986731 4.22775745E-3 0.996286333
2.14817119 4.07600403E-3 0.996326149
2.15618181 3.93474102E-3 0.996363997
2.16391516 3.7984848E-3 0.996400058
2.17139053 3.67677212E-3 0.99643451
2.17864084 3.57353687E-3 0.996467471
2.18570828 3.49402428E-3 0.99649924
2.19264221 3.43990326E-3 0.996529996
2.19948912 3.40688229E-3 0.996560037
2.20628881 3.3929348E-3 0.996589541
2.21307993 3.39829922E-3 0.996618688
2.21990156 3.42309475E-3 0.996647596
2.22679114 3.46660614E-3 0.996676505
2.23378754 3.52990627E-3 0.996705472
2.24093127 3.6137104E-3 0.996734738
2.24826431 3.71944904E-3 0.996764421
2.25583243 3.8485527E-3 0.996794701
2.2636838 4.00269032E-3 0.996825635
2.27187109 4.18460369E-3 0.996857584
2.28042674 4.37116623E-3 0.996890426
2.28936005 4.56213951E-3 0.996924281
2.29868317 4.7608614E-3 0.99695909
2.30838156 4.93776798E-3 0.996994734
2.31840754 5.0880909E-3 0.997031033
2.32869434 5.19883633E-3 0.99706763
2.33916903 5.27560711E-3 0.997104347
2.34976768 5.32329082E-3 0.997140825
2.36045408 5.36298752E-3 0.997177005
2.3712163 5.39922714E-3 0.997212827
2.38204384 5.428195E-3 0.997248292
2.39292026 5.44834137E-3 0.99728328
2.4038353 5.4666996E-3 0.997317851
2.41478777 5.4858923E-3 0.997351944
2.42577887 5.50508499E-3 0.997385561
2.43681002 5.52594662E-3 0.997418702
2.44787693 5.54120541E-3 0.997451425
2.45897293 5.55479527E-3 0.99748373
2.47009277 5.56504726E-3 0.9975155
2.4812324 5.5744648E-3 0.997470498
2.49239016 5.58340549E-3 0.997425675
2.50356531 5.59163094E-3 0.997457504
2.5147562 5.59937954E-3 0.997488856
2.52596188 5.60605526E-3 0.997519672
2.53717971 5.61189651E-3 0.99755007
2.54840899 5.61749935E-3 0.997579992
2.55964804 5.62143326E-3 0.997609496
2.5708952 5.62560558E-3 0.997638524
2.58214855 5.62775135E-3 0.997667074
2.59340811 5.63180447E-3 0.997695208
2.60467243 5.63275814E-3 0.997722924
2.61593914 5.63395023E-3 0.997750163
2.62720609 5.63287735E-3 0.997776985
2.63847494 5.63597679E-3 0.99780339
2.64974403 5.63311577E-3 0.997829437
2.66100979 5.63251972E-3 0.997855008
2.67227316 5.63097E-3 0.997880161
2.68353271 5.62870502E-3 0.997904956
2.69478798 5.62644005E-3 0.997929335
2.70603704 5.62262535E-3 0.997953355
2.71727896 5.61916828E-3 0.997977018
2.72851372 5.61571121E-3 0.998000264
2.73974085 5.61130047E-3 0.998023093
2.75095844 5.60629368E-3 0.998045623
2.76216626 5.60164452E-3 0.998067796
2.77336383 5.59592247E-3 0.998089612
2.78455043 5.59067726E-3 0.998111069
2.79572582 5.58483601E-3 0.998132169
2.80688953 5.57875633E-3 0.998152971
2.81804085 5.57255745E-3 0.998173416
2.82917929 5.56588173E-3 0.99819231
2.84030437 5.55920601E-3 0.998210847
2.85141611 5.55253029E-3 0.998230398
2.86251402 5.54549694E-3 0.99824959
2.8735981 5.5385828E-3 0.998268545
2.88466835 5.53154945E-3 0.998287141
2.89572382 5.52403927E-3 0.9983055
2.90676498 5.51700592E-3 0.99832356
2.91779256 5.51056862E-3 0.998341382
2.9288075 5.50436974E-3 0.998358846
2.93984056 5.52868843E-3 0.998376191
2.95083928 5.47003746E-3 0.998393178
2.96180654 5.49721718E-3 0.998409927
2.97280097 5.49721718E-3 0.998426437
2.98379803 5.49972057E-3 0.998442769
2.99480152 5.5038929E-3 0.998458862
3.00581598 5.51068783E-3 0.998474717
3.01684594 5.51915169E-3 0.998490453
3.02789545 5.53047657E-3 0.99850595
3.03897023 5.54418564E-3 0.998521268
3.05007482 5.5603981E-3 0.998536468
3.06121397 5.57887554E-3 0.998551488
3.07239056 5.59771061E-3 0.998566329
3.0835948 5.60641289E-3 0.998580992
3.09481406 5.61285019E-3 0.998595536
3.10604477 5.61797619E-3 0.998609841
3.11728621 5.62334061E-3 0.998624027
3.12854099 5.63156605E-3 0.998637974
3.13981199 5.63943386E-3 0.998651803
3.15109611 5.64455986E-3 0.998665452
3.1623888 5.64801693E-3 0.998678863
3.17368507 5.64849377E-3 0.998692155
3.18498135 5.6476593E-3 0.998705268
3.19627452 5.64551353E-3 0.998718262
3.20756197 5.64193726E-3 0.998718381
3.21884108 5.63728809E-3 0.998718381
3.23011017 5.63156605E-3 0.998730958
3.24136567 5.62405586E-3 0.998743355
3.25260925 5.6194067E-3 0.998755634
3.26383972 5.61106205E-3 0.998767674
3.27505493 5.60414791E-3 0.998779535
3.2862556 5.59663773E-3 0.998791277
3.29744291 5.59067726E-3 0.998802841
3.30861759 5.58400154E-3 0.998814285
3.31978011 5.57851791E-3 0.99882549
3.33093309 5.57458401E-3 0.998836577
3.34207821 5.57029247E-3 0.998847544
3.35321569 5.56743145E-3 0.998858333
3.36434841 5.56504726E-3 0.998869002
3.37547684 5.56361675E-3 0.998879552
3.38660288 5.56242466E-3 0.998889983
3.39772749 5.56194782E-3 0.998900235
3.4088521 5.56278229E-3 0.998910367
3.41997814 5.56325912E-3 0.998920381
3.43110609 5.56468964E-3 0.998930335
3.44223928 5.56850433E-3 0.99894011
3.45337629 5.56838512E-3 0.998949766
3.46451926 5.57470322E-3 0.998959363
3.47567081 5.57684898E-3 0.99896878
3.48682928 5.58161736E-3 0.998978138
3.49799705 5.58614731E-3 0.998987377
3.50917482 5.59175014E-3 0.998996496
3.52036428 5.5975914E-3 0.999005556
3.53156614 5.60414791E-3 0.999014497
3.54278111 5.61094284E-3 0.999023378
3.55400944 5.61738014E-3 0.99903208
3.56525135 5.62441349E-3 0.999040782
3.57651258 5.63693047E-3 0.999049306
3.58779263 5.64312935E-3 0.999057829
3.59909058 5.65469265E-3 0.999066234
3.6104126 5.66744804E-3 0.999074519
3.62175703 5.67686558E-3 0.999082744
3.63311768 5.68377972E-3 0.99909091
3.64448929 5.68795204E-3 0.999098957
3.65586734 5.69009781E-3 0.999106944
3.66724777 5.69021702E-3 0.999114811
3.67862797 5.6899786E-3 0.99912262
3.69000649 5.6886673E-3 0.999130309
3.70138264 5.687356E-3 0.999137878
3.71275616 5.6861639E-3 0.999145448
3.72412825 5.6861639E-3 0.999152839
3.73550129 5.68675995E-3 0.999160171
3.74687672 5.6886673E-3 0.999167442
3.75826073 5.69546223E-3 0.999174654
3.76965904 5.70261478E-3 0.999181747
3.78107262 5.71107864E-3 0.999188781
3.79250169 5.71799278E-3 0.999195755
3.8039403 5.72061539E-3 0.999202669
3.81538248 5.72168827E-3 0.999209464
3.82682443 5.72013855E-3 0.999216199
3.83826017 5.7156086E-3 0.999222875
3.84968519 5.70952892E-3 0.999229431
3.86109591 5.70118427E-3 0.999235928
3.87248755 5.69021702E-3 0.999242365
3.88385534 5.67781925E-3 0.999248683
3.89519858 5.66530228E-3 0.999254942
3.90651822 5.65433502E-3 0.999261081
3.91781783 5.64527512E-3 0.999267161
3.92910266 5.63955307E-3 0.999273181
3.940377 5.6347847E-3 0.999279141
3.95164585 5.63395023E-3 0.999285042
3.96291018 5.63061237E-3 0.999290824
3.97417641 5.63538074E-3 0.999296606
3.98544693 5.63514233E-3 0.999302268
3.99672079 5.63871861E-3 0.999307871
4.00800419 5.64455986E-3 0.999313474
4.01929808 5.64956665E-3 0.999319017
4.03060436 5.65695763E-3 0.999324441
4.04192162 5.65981865E-3 0.99932301
4.05325222 5.67102432E-3 0.99932164
4.06460094 5.67793846E-3 0.999327004
4.07596111 5.68199158E-3 0.999332368
4.0873313 5.68819046E-3 0.999337673
4.09871674 5.69748878E-3 0.999342918
4.110116 5.70178032E-3 0.999348164
4.12152433 5.70631027E-3 0.99935329
4.13294125 5.71036339E-3 0.999358416
4.14436531 5.71393967E-3 0.999363482
4.155797 5.71799278E-3 0.999368489
4.16723537 5.72037697E-3 0.999373436
4.17867899 5.72299957E-3 0.999378324
4.1901269 5.72490692E-3 0.999383211
4.20157814 5.72657585E-3 0.99938798
4.21303272 5.72800636E-3 0.999392748
4.22448874 5.72776794E-3 0.999397457
4.23594475 5.72800636E-3 0.999402106
4.24740028 5.72776794E-3 0.999406755
4.25885582 5.72776794E-3 0.999411345
4.27030754 5.72395325E-3 0.999415815
4.28175449 5.72299957E-3 0.999420285
4.29319763 5.72037697E-3 0.999424756
4.30463505 5.71680069E-3 0.999429107
4.31606436 5.71250916E-3 0.999433458
4.32748604 5.7091713E-3 0.999437749
4.33889866 5.70368767E-3 0.999441981
4.35029984 5.69748878E-3 0.999446154
4.36168909 5.69152832E-3 0.999450326
4.37306452 5.68389893E-3 0.999454439
4.38442612 5.67770004E-3 0.999458492
4.39577198 5.66840172E-3 0.999462485
4.40709877 5.6579113E-3 0.999466479
4.41840315 5.64670563E-3 0.999470353
4.42968464 5.6347847E-3 0.999474227
4.44094753 5.62810898E-3 0.999478042
4.45219994 5.62429428E-3 0.999481857
4.46344566 5.62119484E-3 0.999485612
4.47469044 5.62381744E-3 0.999489307
4.48594475 5.63073158E-3 0.999493003
4.4972086 5.63263893E-3 0.999496639
4.50848341 5.64241409E-3 0.999500275
4.51977634 5.65075874E-3 0.999503851
4.5310874 5.66005707E-3 0.999507427
4.54241562 5.66840172E-3 0.999510944
4.55375957 5.67555428E-3 0.999514461
4.56511593 5.68079948E-3 0.999517918
4.5764823 5.68532944E-3 0.999521375
4.58785629 5.68890572E-3 0.999524772
4.5992384 5.69295883E-3 0.99952817
4.61062717 5.69558144E-3 0.999531507
4.6220212 5.69868088E-3 0.999534845
4.63342094 5.70130348E-3 0.999538124
4.64482975 5.70726395E-3 0.999541402
4.65625572 5.71846962E-3 0.99954468
4.66770363 5.72991371E-3 0.999547839
4.67917156 5.73754311E-3 0.999551058
4.69065428 5.74541092E-3 0.999554217
4.70214844 5.7489872E-3 0.999557376
4.7136507 5.75327873E-3 0.999560475
4.72516155 5.75757027E-3 0.999563575
4.73668098 5.7618618E-3 0.999566615
4.748209 5.76615334E-3 0.999569654
4.75974369 5.7682991E-3 0.999572635
4.77128267 5.77068329E-3 0.999575615
4.78282642 5.77330589E-3 0.999578595
4.79437351 5.77378273E-3 0.999581516
4.80592251 5.7747364E-3 0.999584436
4.81747198 5.77497482E-3 0.999587297
4.82902193 5.77497482E-3 0.999590158
4.84057093 5.77402115E-3 0.99959296
4.85211802 5.77306747E-3 0.999595761
4.86366272 5.77187538E-3 0.999598563
4.87520504 5.76996803E-3 0.999601305
4.88674355 5.76853752E-3 0.999603987
4.89827728 5.76543808E-3 0.999606669
4.90980577 5.76305389E-3 0.999609351
4.92132854 5.75995445E-3 0.999612033
4.93284607 5.75757027E-3 0.999614596
4.94435787 5.75423241E-3 0.999617219
4.955863 5.75065613E-3 0.999619782
4.9673605 5.74707985E-3 0.999622345
4.97885132 5.74374199E-3 0.999624848
4.99033546 5.73992729E-3 0.999627352
5.00181198 5.73682785E-3 0.999629796
5.01328087 5.7322979E-3 0.999632239
5.0247426 5.72919846E-3 0.999634683
5.03619909 5.72729111E-3 0.999637067
5.04765224 5.72609901E-3 0.999639452
5.05910349 5.72490692E-3 0.999641836
5.07055473 5.72657585E-3 0.99964416
5.08200264 5.72133064E-3 0.999646485
5.09344673 5.72228432E-3 0.999648809
5.10488892 5.72037697E-3 0.999651074
5.11632729 5.71775436E-3 0.999653339
5.12775803 5.71322441E-3 0.999655545
5.13917828 5.70654869E-3 0.99965781
5.15058136 5.69677353E-3 0.999660015
5.161973 5.6951046E-3 0.999662161
5.17335558 5.68723679E-3 0.999664307
5.18473053 5.68795204E-3 0.999666452
5.19610071 5.68199158E-3 0.999668539
5.20746803 5.68509102E-3 0.999670684
5.21883869 5.68604469E-3 0.999672711
5.23021078 5.68580627E-3 0.999674797
5.24158478 5.68842888E-3 0.999676824
5.25296497 5.6912899E-3 0.99967885
5.26435184 5.69558144E-3 0.999680877
5.27574635 5.6989193E-3 0.999682903
5.28714848 5.70368767E-3 0.99968487
5.2985611 5.70869446E-3 0.999686837
5.30998325 5.71346283E-3 0.999688804
5.32141495 5.7182312E-3 0.999690711
5.33285618 5.72276115E-3 0.999692678
5.34430695 5.72800636E-3 0.999694586
5.35576725 5.7322979E-3 0.999696493
5.36723518 5.73611259E-3 0.999698341
5.37871075 5.73897362E-3 0.999700248
5.39019012 5.74088097E-3 0.999702096
5.40167522 5.74374199E-3 0.999703944
5.41316175 5.74302673E-3 0.999705732
5.42464924 5.74421883E-3 0.99970758
5.4361372 5.74421883E-3 0.999709368
5.44762611 5.74421883E-3 0.999711156
5.45911312 5.74326515E-3 0.999712884
5.4705987 5.74207306E-3 0.999714673
5.48208237 5.74183464E-3 0.999716401
5.49356461 5.74016571E-3 0.99971813
5.50504398 5.73945045E-3 0.999719799
5.51652241 5.7387352E-3 0.999721527
5.52799845 5.73730469E-3 0.999723196
5.53947258 5.73682785E-3 0.999724865
5.55094814 5.73897362E-3 0.999726534
5.56242085 5.73325157E-3 0.999728143
5.57389355 5.73945045E-3 0.999729753
5.58536959 5.73682785E-3 0.999731421
5.59684515 5.7387352E-3 0.999732971
5.60832405 5.73992729E-3 0.999734581
5.61980629 5.74278831E-3 0.99973619
5.6312952 5.74588776E-3 0.99973774
5.64279127 5.75017929E-3 0.999739289
5.6542964 5.75494766E-3 0.999740839
5.66580963 5.7580471E-3 0.999742389
5.67732811 5.76043129E-3 0.999743879
5.68885183 5.76353073E-3 0.999745369
5.70037889 5.76353073E-3 0.999746919
5.71190739 5.76496124E-3 0.999748409
5.72343636 5.76424599E-3 0.999749839
5.73496437 5.76353073E-3 0.999751329
5.74648905 5.76114655E-3 0.99975276
5.75800943 5.7592392E-3 0.99975419
5.76952362 5.75518608E-3 0.999755621
5.78103065 5.75137138E-3 0.999757051
5.79252768 5.74588776E-3 0.999758482
5.80401373 5.74016571E-3 0.999759853
5.81548738 5.73348999E-3 0.999761224
5.82694626 5.72562218E-3 0.999762595
5.83838749 5.71537018E-3 0.999763966
5.84980583 5.70297241E-3 0.999765337
5.86120319 5.69462776E-3 0.999766648
5.87258005 5.68199158E-3 0.999767959
5.88393021 5.66792488E-3 0.99976927
5.8952508 5.65290451E-3 0.999770582
5.90654039 5.63669205E-3 0.999771833
5.91779518 5.6180954E-3 0.999773085
5.9290123 5.59926033E-3 0.999774337
5.94019032 5.5782795E-3 0.999775589
5.95132351 5.55515289E-3 0.99977684
5.96241045 5.53178787E-3 0.999778032
5.9734478 5.50556183E-3 0.999779224
5.98443174 5.47838211E-3 0.999780416
5.99535942 5.44929504E-3 0.999780655
6.00623035 5.42187691E-3 0.999780893
6.01704025 5.38754463E-3 0.999782026
6.02778149 5.35368919E-3 0.999783158
6.03845882 5.32388687E-3 0.999784291
6.04907084 5.28812408E-3 0.999785423
6.05961227 5.25307655E-3 0.999786496
6.07008314 5.21802902E-3 0.999787569
6.08048248 5.18155098E-3 0.999788642
6.09080982 5.14531136E-3 0.999789655
6.10106468 5.10954857E-3 0.999790728
6.11124706 5.07283211E-3 0.999791741
6.12135506 5.03516197E-3 0.999792695
6.1313839 4.99415398E-3 0.999793708
6.14133072 4.95266914E-3 0.999794662
6.15119267 4.90903854E-3 0.999795675
6.16096592 4.86445427E-3 0.999796569
6.17064905 4.81843948E-3 0.999797523
6.18023968 4.77218628E-3 0.999798417
6.18973732 4.72545624E-3 0.999799371
6.1991415 4.6787262E-3 0.999800265
6.2084527 4.63247299E-3 0.999801099
6.21767044 4.58550453E-3 0.999801993
6.2267971 4.54092026E-3 0.999802828
6.23583508 4.49705124E-3 0.999803662
6.24478579 4.45365906E-3 0.999804497
6.25364828 4.40883636E-3 0.999805272
6.26242924 4.37188148E-3 0.999806106
6.27113342 4.332304E-3 0.999806881
6.27975988 4.29439545E-3 0.999807656
6.28831673 4.26244736E-3 0.999808431
6.29680634 4.22716141E-3 0.999809146
6.30523491 4.2014122E-3 0.999809921
6.31360245 4.16588783E-3 0.999810636
6.32191181 4.1437149E-3 0.999811351
6.3301754 4.12011147E-3 0.999812126
6.33839607 4.1000843E-3 0.999812841
6.3465786 4.08267975E-3 0.999813497
6.35472822 4.06694412E-3 0.999814212
6.36285114 4.05597687E-3 0.999814928
6.37095451 4.04715538E-3 0.999815583
6.37904358 4.04191017E-3 0.999816298
6.38712311 4.03785706E-3 0.999816954
6.39519787 4.0371418E-3 0.999817669
6.40327549 4.04047966E-3 0.999818325
6.41136169 4.04524803E-3 0.999818981
6.41945791 4.0512085E-3 0.999819636
6.42756939 4.06050682E-3 0.999820292
6.43570042 4.07028198E-3 0.999821007
6.44385815 4.08744812E-3 0.999821663
6.45204782 4.10223007E-3 0.999822319
6.46026993 4.11987305E-3 0.999822974
6.4685297 4.14013863E-3 0.99982363
6.47683334 4.16326523E-3 0.999824286
6.48518324 4.18663025E-3 0.999824941
6.49358463 4.21500206E-3 0.999825597
6.50204134 4.24146652E-3 0.999826312
6.51055574 4.27293777E-3 0.999826968
6.51913452 4.30560112E-3 0.999827623
6.52777863 4.33850288E-3 0.999828279
6.53649235 4.37521935E-3 0.999828935
6.54527807 4.41074371E-3 0.99982965
6.55413866 4.44984436E-3 0.999830306
6.56307697 4.48870659E-3 0.999830961
6.57209492 4.52923775E-3 0.999831676
6.5811944 4.57000732E-3 0.999832332
6.59037685 4.61268425E-3 0.999833047
6.59964371 4.65393066E-3 0.999833703
6.60899353 4.69613075E-3 0.999834418
6.61843014 4.73999977E-3 0.999835074
6.62795115 4.78124619E-3 0.999835789
6.63755846 4.82606888E-3 0.999836504
6.64725494 4.87017632E-3 0.99983716
6.65703917 4.91428375E-3 0.999837875
6.66691303 4.95934486E-3 0.999838591
6.67687654 5.00440598E-3 0.999839306
6.68692589 5.04493713E-3 0.999840021
6.69706821 5.09762764E-3 0.999840736
6.707304 5.13792038E-3 0.999841392
6.71762371 5.1817894E-3 0.999842107
6.72802734 5.22208214E-3 0.999842823
6.73851299 5.26356697E-3 0.999843597
6.74908066 5.30409813E-3 0.999844313
6.75972795 5.34296036E-3 0.999845028
6.77044964 5.37896156E-3 0.999845743
6.78124428 5.41567802E-3 0.999846458
6.79210806 5.44786453E-3 0.999847174
6.80303669 5.48052788E-3 0.999847889
6.81402683 5.50985336E-3 0.999848604
6.82507467 5.53798676E-3 0.999849319
6.83617592 5.56325912E-3 0.999850035
6.84732628 5.58686256E-3 0.99985075
6.85852242 5.60927391E-3 0.999851465
6.86976242 5.63073158E-3 0.99985218
6.88104343 5.65075874E-3 0.999852896
6.89236403 5.66959381E-3 0.999853611
6.90372181 5.68819046E-3 0.999854326
6.91511679 5.70678711E-3 0.999855042
6.92654705 5.72323799E-3 0.999855697
6.9380064 5.73635101E-3 0.999856412
6.94949102 5.74827194E-3 0.999857128
6.96099806 5.75876236E-3 0.999857783
6.9725256 5.76901436E-3 0.999858499
6.98407269 5.77759743E-3 0.999859154
6.9956336 5.78355789E-3 0.999859869
7.00721025 5.79309464E-3 0.999860525
7.01879978 5.79619408E-3 0.99986124
7.03039694 5.80120087E-3 0.999861896
7.0420022 5.80406189E-3 0.999862552
7.05361414 5.80787659E-3 0.999863207
7.06523228 5.81002235E-3 0.999863863
7.07685471 5.81288338E-3 0.999864519
7.08848095 5.81336021E-3 0.999865174
7.10010862 5.81407547E-3 0.99986583
7.1117382 5.8157444E-3 0.999866486
7.12337017 5.81622124E-3 0.999788523
7.13500309 5.81669807E-3 0.999710917
7.14663601 5.81622124E-3 0.999712169
7.15826893 5.81645966E-3 0.999713421
7.16990137 5.81598282E-3 0.999714732
7.18153286 5.81550598E-3 0.999715984
7.19316339 5.81502914E-3 0.999717236
7.20479298 5.81479073E-3 0.999718428
7.21642303 5.81479073E-3 0.999719679
7.22805119 5.81383705E-3 0.999720931
7.23967838 5.8131218E-3 0.999722123
7.25130558 5.81407547E-3 0.999723375
7.26293182 5.8119297E-3 0.999724567
7.27455616 5.81288338E-3 0.999725759
7.28618145 5.81240654E-3 0.999726951
7.29780722 5.8131218E-3 0.999728143
7.30943298 5.81264496E-3 0.999729276
7.32105923 5.81336021E-3 0.999730468
7.33268642 5.81383705E-3 0.99973166
7.3443141 5.81407547E-3 0.999732792
7.35594273 5.81479073E-3 0.999733925
7.36757183 5.81431389E-3 0.999735117
7.37920284 5.81622124E-3 0.999736249
7.39083672 5.81765175E-3 0.999737382
7.4024725 5.818367E-3 0.999738514
7.41411018 5.81932068E-3 0.999739587
7.42574978 5.82051277E-3 0.99974072
7.43739319 5.82242012E-3 0.999741852
7.44903851 5.82313538E-3 0.999742925
7.46068859 5.82718849E-3 0.999743998
7.47233963 5.82385063E-3 0.999745131
7.48399687 5.83314896E-3 0.999746203
7.49566078 5.83076477E-3 0.999747276
7.50732613 5.83457947E-3 0.999748349
7.51899719 5.83648682E-3 0.999749422
7.53067255 5.838871E-3 0.999750495
7.54235363 5.84220886E-3 0.999751508
7.55403996 5.84387779E-3 0.999752581
7.56573105 5.84745407E-3 0.999753594
7.57742882 5.85031509E-3 0.999754667
7.58913422 5.85484505E-3 0.999755681
7.60084677 5.85794449E-3 0.999756694
7.61256504 5.86032867E-3 0.999757767
7.62429142 5.8658123E-3 0.99975878
7.6360302 5.8734417E-3 0.999759793
7.64777136 5.86748123E-3 0.999760807
7.65951586 5.87701797E-3 0.99976176
7.67127466 5.88178635E-3 0.999762774
7.68304253 5.88607788E-3 0.999763787
7.69481945 5.89108467E-3 0.99976474
7.70660639 5.89561462E-3 0.999765754
7.71840382 5.90205193E-3 0.999766707
7.73021173 5.9056282E-3 0.999767601
7.74202919 5.91182709E-3 0.999768436
7.75385809 5.9170723E-3 0.99976939
7.76569891 5.92374802E-3 0.999770343
7.77755117 5.92851639E-3 0.999771297
7.78941631 5.9363842E-3 0.999772251
7.80129337 5.94067574E-3 0.999773204
7.81318283 5.94902039E-3 0.999774158
7.82508564 5.95402718E-3 0.999775112
7.83700275 5.96308708E-3 0.999776006
7.84893513 5.96880913E-3 0.999776959
7.8608799 5.97643852E-3 0.999777913
7.87284088 5.98430634E-3 0.999778807
7.88481712 5.99217415E-3 0.999779761
7.8968091 5.99956512E-3 0.999780655
7.90881729 6.00838661E-3 0.999781549
7.92084169 6.01625443E-3 0.999782503
7.93288279 6.02483749E-3 0.999783397
7.94494057 6.03318214E-3 0.999784291
7.9570179 6.04367256E-3 0.999785185
7.96911335 6.05225563E-3 0.999786079
7.98122787 6.06179237E-3 0.999786973
7.99336147 6.07180595E-3 0.999787867
8.0055151 6.08181953E-3 0.999788761
8.01768875 6.09207153E-3 0.999789596
8.02988338 6.10256195E-3 0.99979049
8.042099 6.11352921E-3 0.999791384
8.05433655 6.12401962E-3 0.999792218
8.06659603 6.13498688E-3 0.999793112
8.0788784 6.14738464E-3 0.999793947
8.0911808 6.1545372E-3 0.999794841
8.10350609 6.17170334E-3 0.999795675
8.11585522 6.17694855E-3 0.999796569
8.12822056 6.18839264E-3 0.999797404
8.14060783 6.19935989E-3 0.999798238
8.15301895 6.21175766E-3 0.999799073
8.16545105 6.21938705E-3 0.999799907
8.17790031 6.22987747E-3 0.999800742
8.19036961 6.23989105E-3 0.999801576
8.20285797 6.24799728E-3 0.999802411
8.21536446 6.25944138E-3 0.999803245
8.22788715 6.26277924E-3 0.99980408
8.2404232 6.27326965E-3 0.999804914
8.25297832 6.28185272E-3 0.999805689
8.26554871 6.28852844E-3 0.999806523
8.27813339 6.29615784E-3 0.999807358
8.29073524 6.30521774E-3 0.999808133
8.30336094 6.32095337E-3 0.999808967
8.31599808 6.316185E-3 0.999809742
8.32863617 6.32190704E-3 0.999810517
8.34129333 6.33525848E-3 0.999811351
8.35397243 6.34384155E-3 0.999809563
8.3666687 6.35290146E-3 0.999807835
8.37938309 6.36100769E-3 0.999808669
8.39211273 6.36863708E-3 0.999809444
8.40485954 6.37865067E-3 0.999810219
8.41762638 6.38771057E-3 0.999811053
8.43040848 6.39486313E-3 0.999811828
8.44320393 6.40010834E-3 0.999812603
8.45601559 6.41155243E-3 0.999813378
8.46884918 6.42156601E-3 0.999814153
8.48170471 6.43444061E-3 0.999814928
8.49458504 6.44636154E-3 0.999815702
8.50749302 6.46114349E-3 0.999816477
8.52042866 6.47449493E-3 0.999817252
8.53339195 6.48927689E-3 0.999818027
8.54638577 6.50405884E-3 0.999818742
8.55940533 6.51550293E-3 0.999819517
8.57245255 6.53171539E-3 0.999820292
8.58552551 6.54172897E-3 0.999821007
8.59862328 6.55555725E-3 0.999821782
8.61174583 6.56700134E-3 0.999822557
8.62489128 6.57844543E-3 0.999823272
8.63805962 6.58988953E-3 0.999824047
8.65125084 6.60133362E-3 0.999824762
8.66446686 6.6151619E-3 0.999825478
8.67771339 6.63089752E-3 0.999826252
8.69098949 6.64520264E-3 0.999826968
8.70428276 6.64806366E-3 0.999827683
8.71762562 6.6947937E-3 0.999828398
8.73101807 6.69765472E-3 0.999829173
8.74443054 6.7152977E-3 0.999829888
8.7578783 6.731987E-3 0.999830604
8.77135754 6.74724579E-3 0.999831319
8.78486538 6.76059723E-3 0.999832034
8.79839897 6.77347183E-3 0.999832749
8.81195831 6.78539276E-3 0.999833465
8.82554054 6.79731369E-3 0.99983418
8.83914566 6.80732727E-3 0.999834836
8.85277081 6.81781769E-3 0.999835551
8.86641693 6.82783127E-3 0.999836266
8.88008308 6.83832169E-3 0.999836981
8.89377213 6.85167313E-3 0.999837637
8.90748787 6.86311722E-3 0.999838352
8.92123032 6.87980652E-3 0.999839008
8.93500519 6.89506531E-3 0.999839723
8.94881153 6.91127777E-3 0.999840379
8.96265221 6.92892075E-3 0.999841094
8.97652817 6.94704056E-3 0.99984175
8.99044037 6.96516037E-3 0.999842405
9.00440407 6.99949265E-3 0.999843121
9.01840305 6.99901581E-3 0.999843776
9.03240967 7.00712204E-3 0.999844432
9.04646492 7.04860687E-3 0.999845088
9.06055927 7.04574585E-3 0.999845803
9.07468128 7.07626343E-3 0.999846458
9.08885193 7.09438324E-3 0.999847114
9.10305977 7.11393356E-3 0.99984777
9.11730957 7.13586807E-3 0.999848425
9.13160229 7.15637207E-3 0.999849081
9.1459341 7.17544556E-3 0.999849737
9.16030216 7.19261169E-3 0.999850392
9.17470741 7.21263885E-3 0.999851048
9.18920898 7.2889328E-3 0.999851704
9.20368958 7.19118118E-3 0.999852359
9.21814823 7.26795197E-3 0.999852955
9.23270416 7.28750229E-3 0.999853611
9.24729633 7.30514526E-3 0.999854267
9.2619257 7.32421875E-3 0.999854922
9.27659607 7.34567642E-3 0.999855518
9.29130745 7.36618042E-3 0.999856174
9.30605888 7.38477707E-3 0.99985677
9.32085133 7.40814209E-3 0.999857426
9.33568573 7.42673874E-3 0.999858081
9.35055923 7.44581223E-3 0.999858677
9.36547089 7.46583939E-3 0.999859273
9.38042068 7.4839592E-3 0.999859929
9.39540768 7.50350952E-3 0.999860525
9.41043186 7.52067566E-3 0.999861181
9.42549133 7.53879547E-3 0.999861777
9.440588 7.55834579E-3 0.999862373
9.45572567 7.57884979E-3 0.999863029
9.4709034 7.59840012E-3 0.999863625
9.48612213 7.62033463E-3 0.999864221
9.50138474 7.64322281E-3 0.999864817
9.51669216 7.66372681E-3 0.999865413
9.53204155 7.68566132E-3 0.999866009
9.54743767 7.71093369E-3 0.999866605
9.56288338 7.73477554E-3 0.999867201
9.57837868 7.76052475E-3 0.999867797
9.59392548 7.78627396E-3 0.999868393
9.60952568 7.81393051E-3 0.999868989
9.62518215 7.8420639E-3 0.999869585
9.64089394 7.8701973E-3 0.999870181
9.65666294 7.89833069E-3 0.999870777
9.67248535 7.9240799E-3 0.999871373
9.68835831 7.94839859E-3 0.999871969
9.70428848 7.98177719E-3 0.999872506
9.72027206 8.00275803E-3 0.999873102
9.73630142 8.02564621E-3 0.999873698
9.7523756 8.04901123E-3 0.999874294
9.76849747 8.07285309E-3 0.99987483
9.78466415 8.09431076E-3 0.999875426
9.80087662 8.11815262E-3 0.999876022
9.81713867 8.14294815E-3 0.999876559
9.83345222 8.17155838E-3 0.999877155
9.84982491 8.20064545E-3 0.999877691
9.86625576 8.23020935E-3 0.999878287
9.8827486 8.26263428E-3 0.999878824
9.89930344 8.29267502E-3 0.99987942
9.91591549 8.31890106E-3 0.999879956
9.93257713 8.34321976E-3 0.999880552
9.94928932 8.36849213E-3 0.999881089
9.9660511 8.39281082E-3 0.999881625
9.98286152 8.41808319E-3 0.999882221
9.9997263 8.44669342E-3 0.999882758
10.0166531 8.48054886E-3 0.999883294
10.0336571 8.52298737E-3 0.999883831
10.0507374 8.55731964E-3 0.999884427
10.0678873 8.59260559E-3 0.999884963
10.0851126 8.63265991E-3 0.999885499
10.1024189 8.67366791E-3 0.999886036
10.1198111 8.7184906E-3 0.999886572
10.1372967 8.76665115E-3 0.999887109
10.1548748 8.81195068E-3 0.999887705
10.1725464 8.86011124E-3 0.999888241
10.1903133 8.90636444E-3 0.999888778
10.2081738 8.95404816E-3 0.999889314
10.2261267 8.99887085E-3 0.999889851
10.2441769 9.05132294E-3 0.999890387
10.2623234 9.09566879E-3 0.999890924
10.2805634 9.14335251E-3 0.99989146
10.2988968 9.19103622E-3 0.999891996
10.3173275 9.23967361E-3 0.999892533
10.3358555 9.288311E-3 0.999893069
10.3544807 9.33647156E-3 0.999893606
10.3732004 9.3832016E-3 0.999894142
10.3920145 9.43088531E-3 0.999894679
10.4109287 9.48286057E-3 0.999895215
10.4299412 9.52959061E-3 0.999895751
10.4490471 9.57679749E-3 0.999896288
10.4682503 9.62638855E-3 0.999896824
10.4875536 9.67693329E-3 0.999897361
10.5069542 9.72366333E-3 0.999897897
10.5264511 9.77277756E-3 0.999898434
10.5460453 9.82236862E-3 0.99989897
10.5657406 9.87195969E-3 0.999899447
10.5855331 9.92059708E-3 0.999899983
10.605423 9.97018814E-3 0.99990052
10.6254139 1.00197792E-2 0.999901056
10.6455021 1.00684166E-2 0.999901593
10.6656914 1.01208687E-2 0.99990207
10.6859779 1.01666451E-2 0.999902606
10.7063637 1.02186203E-2 0.999903142
10.7268505 1.02682114E-2 0.999903619
10.7474365 1.03173256E-2 0.999904156
10.7681217 1.0368824E-2 0.999904692
10.7889099 1.04184151E-2 0.999905169
10.8097973 1.04689598E-2 0.999905705
10.8307838 1.05185509E-2 0.999906182
10.8518715 1.05690956E-2 0.999906719
10.8730621 1.06210709E-2 0.999907255
10.8943529 1.06697083E-2 0.999907732
10.9157438 1.07212067E-2 0.999908268
10.9372377 1.07727051E-2 0.999908745
10.9588318 1.08213425E-2 0.999909282
10.9805279 1.08742714E-2 0.999909759
11.002327 1.0925293E-2 0.999910235
11.024231 1.09786987E-2 0.999910772
11.0462322 1.10230446E-2 0.999911249
11.0683336 1.10778809E-2 0.999911726
11.0905418 1.11308098E-2 0.999912262
11.112854 1.11804008E-2 0.999912739
11.1352682 1.12342834E-2 0.999913216
11.1577845 1.12819672E-2 0.999913752
11.1804028 1.13368034E-2 0.999914229
11.2031298 1.13897324E-2 0.999914706
11.2259598 1.14407539E-2 0.999915183
11.2488918 1.14908218E-2 0.999915659
11.2719288 1.15461349E-2 0.999916136
11.2950745 1.15990639E-2 0.999916613
11.3183193 1.16457939E-2 0.99991715
11.3416672 1.17020607E-2 0.999917626
11.3651237 1.17549896E-2 0.999918103
11.3886852 1.18060112E-2 0.99991858
11.4123526 1.18618011E-2 0.999919057
11.4361267 1.19128227E-2 0.999919474
11.4600077 1.1967659E-2 0.999919951
11.4839954 1.20201111E-2 0.999920428
11.5080891 1.20735168E-2 0.999920905
11.5322914 1.21283531E-2 0.999921381
11.5566025 1.21831894E-2 0.999921858
11.5810223 1.22361183E-2 0.999922276
11.6055489 1.22909546E-2 0.999922752
11.6301851 1.2345314E-2 0.999923229
11.654932 1.24020576E-2 0.999923706
11.6797886 1.24545097E-2 0.999924123
11.7047548 1.25112534E-2 0.9999246
11.7298326 1.25665665E-2 0.999925077
11.755022 1.26228333E-2 0.999925494
11.780323 1.26786232E-2 0.999925971
11.8057384 1.27363205E-2 0.999926388
11.8312664 1.27916336E-2 0.999926865
11.8569069 1.28493309E-2 0.999927282
11.8826637 1.29070282E-2 0.999927759
11.9085388 1.29680634E-2 0.999928176
11.9345303 1.30238533E-2 0.999928594
11.9606361 1.30810738E-2 0.99992907
11.9868584 1.31416321E-2 0.999929488
